dist: [-60.40049044004349, -49.5201249972828, 0.2217850660738147, 0.1337824143417177, -0.028994184282862292 ]
mtx: [15636.96697781177, 0.0, 318.06290790484434, 
0.0, 19087.677887963637, 257.3366960019691, 
0.0, 0.0, 1.0]
crop_dot: [493,161,1387,871]
